71.0136
74.0245
82.9718
103.0399
108.0213
121.9439
131.0347
132.0201
154.9185
157.017
158.082
159.8866
160.9985
163.0247
164.0715
172.8299
176.0561
176.9723
178.0507
178.9724
180.9124
181.0506
181.9474
187.0405
188.972
194.9368
195.0103
196.9444
197.0041
198.077
201.0514
206.0819
206.864
208.9208
213.8378
214.9965
218.9405
220.9051
228.0811
228.9074
230.5295
231.0275
235.8407
238.9001
241.8517
244.0225
252.9303
252.9521
253.2172
255.0134
255.2328
264.0158
267.2329
268.8788
268.9834
270.1709
275.1245
289.033
292.1399
293.206
293.8049
294.8082
295.0669
295.2273
295.803
296.0988
296.1346
297.2431
299.2224
301.2382
301.2471
302.2336
305.0674
305.2155
306.9599
309.2069
310.1504
311.2953
313.0989
315.2536
316.2411
319.222
319.2308
322.9336
323.2225
324.2178
324.7734
325.2017
328.1068
330.2732
337.0386
337.311
341.2061
344.1349
350.2334
352.1611
355.2854
356.9996
357.2797
359.036
359.2955
359.9929
361.0889
363.2097
364.2341
365.2266
365.2461
367.154
367.2453
367.2484
370.2961
373.2383
373.2768
375.275
377.0855
381.1104
383.7325
387.2305
388.9828
389.727
393.2646
394.1118
396.6936
397.0685
397.2956
399.275
399.3113
399.6653
399.727
400.2695
401.2907
401.6634
403.6613
405.659
407.0284
409.0517
409.2358
411.0747
411.2667
416.2655
417.2856
419.2804
419.3015
420.3328
421.2265
421.2957
428.0582
431.1403
439.2433
439.2614
441.2855
444.0322
445.8842
447.2752
447.3228
449.0462
455.2653
462.4032
463.9909
465.2127
473.3996
475.4152
478.6593
479.9649
483.4414
483.6284
485.6265
489.4311
493.317
500.196
503.4372
507.4411
508.1213
509.457
511.3272
511.4726
531.4413
537.1975
539.4465
543.4776
555.478
557.4571
559.5991
565.0474
575.4459
581.4571
581.4783
583.4939
585.5096
596.0199
598.0284
605.4564
607.473
607.494
609.5092
611.5249
625.2189
631.3766
635.5253
637.4104
637.5409
639.4258
655.3765
655.4938
656.5117
657.5096
659.5251
681.5089
683.5244
686.2938
707.5463
741.3031
779.2774
803.3506
856.5427
873.7526